// 国道1号 (OSM ways name=国道1号)
var route1Latlngs = [
          [35.23308, 139.0936], [35.2331, 139.0935], [35.23311, 139.0935], [35.23312, 139.0935],
          [35.23312, 139.0934], [35.23311, 139.0934], [35.23311, 139.0933], [35.2331, 139.0933],
          [35.23307, 139.0932], [35.23304, 139.0932], [35.23301, 139.0931], [35.23284, 139.0929],
          [35.23261, 139.0926], [35.23241, 139.0923], [35.23235, 139.0922], [35.23232, 139.0921],
          [35.2323, 139.092], [35.23228, 139.0919], [35.23228, 139.0918], [35.2323, 139.0917],
          [35.23232, 139.0916], [35.23236, 139.0915], [35.23243, 139.0913], [35.23253, 139.0912],
          [35.2327, 139.091], [35.23275, 139.0909], [35.23286, 139.0909], [35.23296, 139.0908],
          [35.23303, 139.0906], [35.23324, 139.0903], [35.23328, 139.0902], [35.2333, 139.0901],
          [35.2333, 139.09], [35.233, 139.0939], [35.23308, 139.0936], [35.23297, 139.0949],
          [35.23303, 139.0948], [35.23305, 139.0948], [35.23306, 139.0947], [35.23307, 139.0947],
          [35.23307, 139.0947], [35.23307, 139.0946], [35.23306, 139.0946], [35.23306, 139.0946],
          [35.23298, 139.0943], [35.23297, 139.0943], [35.23296, 139.0943], [35.23296, 139.0942],
          [35.23296, 139.0942], [35.23296, 139.0942], [35.23299, 139.094], [35.23299, 139.0939],
          [35.233, 139.0939], [35.233, 139.0939], [35.23283, 139.0951], [35.23297, 139.0949],
          [35.23271, 139.0956], [35.2327, 139.0955], [35.23272, 139.0953], [35.23277, 139.0952],
          [35.23283, 139.0951], [35.2328, 139.0959], [35.23275, 139.0958], [35.23271, 139.0956],
          [35.23299, 139.0962], [35.2328, 139.0959], [35.23288, 139.0969], [35.23293, 139.0969],
          [35.23297, 139.0968], [35.233, 139.0967], [35.23303, 139.0966], [35.23304, 139.0965],
          [35.23304, 139.0964], [35.23302, 139.0963], [35.23299, 139.0962], [35.23269, 139.0973],
          [35.23273, 139.0972], [35.23279, 139.0971], [35.23288, 139.0969], [35.23266, 139.0976],
          [35.23266, 139.0975], [35.23267, 139.0974], [35.23269, 139.0973], [35.23209, 139.0992],
          [35.23226, 139.0989], [35.23254, 139.0983], [35.23261, 139.0981], [35.23264, 139.098],
          [35.23265, 139.0979], [35.23266, 139.0978], [35.23266, 139.0976], [35.23207, 139.0993],
          [35.23207, 139.0993], [35.23209, 139.0992], [35.23207, 139.0997], [35.23207, 139.0993],
          [35.23209, 139.0992], [35.23203, 139.0993], [35.232, 139.0993], [35.23197, 139.0994],
          [35.23196, 139.0994], [35.23195, 139.0995], [35.2319, 139.1001], [35.23201, 139.1],
          [35.23204, 139.0999], [35.23206, 139.0998], [35.23207, 139.0997], [35.23195, 139.0995],
          [35.23196, 139.0999], [35.23195, 139.1], [35.2319, 139.1001], [35.23182, 139.1002],
          [35.23171, 139.1003], [35.23166, 139.1005], [35.23165, 139.1006], [35.23165, 139.1007],
          [35.23165, 139.1008], [35.23183, 139.1018], [35.23189, 139.1021], [35.23192, 139.1021],
          [35.23195, 139.1022], [35.23207, 139.1024], [35.23239, 139.1028], [35.2325, 139.103],
          [35.23264, 139.1032], [35.23288, 139.1034], [35.23321, 139.1038], [35.23329, 139.1039],
          [35.23335, 139.104], [35.23344, 139.1041], [35.23351, 139.1042], [35.23353, 139.1043],
          [35.23356, 139.1044], [35.23358, 139.1045], [35.23362, 139.1047], [35.23366, 139.1048],
          [35.23371, 139.105], [35.23379, 139.1053], [35.23384, 139.1056], [35.23387, 139.1058],
          [35.2339, 139.1061], [35.23402, 139.1073], [35.23403, 139.1075], [35.23403, 139.1077],
          [35.23402, 139.1079], [35.23393, 139.1083], [35.23392, 139.1084], [35.23386, 139.1086],
          [35.23381, 139.1087], [35.23377, 139.1088], [35.23368, 139.1091], [35.23365, 139.1094],
          [35.23363, 139.1097], [35.23364, 139.1101], [35.23365, 139.1102], [35.23367, 139.1104],
          [35.2339, 139.1114], [35.23392, 139.1115], [35.23399, 139.1118], [35.23405, 139.112],
          [35.23412, 139.1122], [35.23426, 139.1124], [35.23449, 139.1129], [35.2347, 139.1133],
          [35.23498, 139.1139], [35.23412, 139.1122], [35.23422, 139.1126], [35.23434, 139.113],
          [35.23454, 139.1134], [35.23474, 139.1137], [35.23488, 139.1139], [35.23498, 139.1139],
          [35.23509, 139.1141], [35.23518, 139.1142], [35.23525, 139.1143], [35.23532, 139.1144],
          [35.23541, 139.1145], [35.23561, 139.1147], [35.23641, 139.1153], [35.23685, 139.1157],
          [35.23703, 139.1159], [35.23716, 139.1161], [35.23733, 139.1164], [35.23739, 139.1164],
          [35.23788, 139.1172], [35.2382, 139.1176], [35.23832, 139.1177], [35.23879, 139.1183],
          [35.23906, 139.1187], [35.2392, 139.1189], [35.24006, 139.1204], [35.24008, 139.1204],
          [35.24009, 139.1204], [35.24027, 139.1208], [35.2409, 139.1218], [35.241, 139.122],
          [35.24104, 139.1221], [35.24106, 139.1221], [35.2411, 139.1222], [35.24195, 139.1236],
          [35.24219, 139.124], [35.24227, 139.1241], [35.24233, 139.1242], [35.24239, 139.1243],
          [35.24274, 139.1249], [35.24339, 139.126], [35.24361, 139.1264], [35.24379, 139.1267],
          [35.24395, 139.127], [35.24432, 139.1276], [35.2444, 139.1277], [35.24444, 139.1278],
          [35.24467, 139.1282], [35.24483, 139.1285], [35.24492, 139.1287], [35.2451, 139.129],
          [35.24538, 139.1294], [35.24554, 139.1297], [35.24574, 139.13], [35.24633, 139.1311],
          [35.24638, 139.1311], [35.24641, 139.1312], [35.24648, 139.1313], [35.24659, 139.1315],
          [35.24676, 139.1319], [35.2469, 139.1324], [35.24692, 139.1327], [35.24691, 139.133],
          [35.24689, 139.1332], [35.24652, 139.135], [35.24649, 139.1351], [35.2465, 139.1353],
          [35.24659, 139.1361], [35.24663, 139.1366], [35.24661, 139.1375], [35.24662, 139.1377],
          [35.24664, 139.1379], [35.24684, 139.1393], [35.24686, 139.1395], [35.24686, 139.1398],
          [35.24686, 139.1399], [35.24683, 139.1401], [35.24679, 139.1403], [35.24677, 139.1403],
          [35.24662, 139.1409], [35.24638, 139.1418], [35.24631, 139.142], [35.24605, 139.1429],
          [35.24592, 139.1434], [35.24586, 139.1437], [35.24584, 139.1438], [35.24582, 139.1438],
          [35.24578, 139.1441], [35.24574, 139.1446], [35.24573, 139.1449], [35.24573, 139.1451],
          [35.24575, 139.1454], [35.24577, 139.1458], [35.24589, 139.1464], [35.24592, 139.1466],
          [35.24593, 139.1466], [35.24596, 139.1468], [35.24597, 139.1468], [35.24607, 139.1473],
          [35.24614, 139.1476], [35.24626, 139.1482], [35.24631, 139.1484], [35.24648, 139.1491],
          [35.24653, 139.1494], [35.24655, 139.1495], [35.2466, 139.1498], [35.24673, 139.1506],
          [35.24688, 139.1517], [35.2469, 139.1518], [35.24705, 139.1529], [35.24722, 139.1541],
          [35.24727, 139.1552], [35.24727, 139.1553], [35.24728, 139.1553], [35.24729, 139.1558],
          [35.24729, 139.1561], [35.24731, 139.1564], [35.24734, 139.1566], [35.24744, 139.1571],
          [35.24761, 139.1576], [35.24765, 139.1577], [35.2477, 139.1578], [35.24783, 139.1582],
          [35.24821, 139.1594], [35.24832, 139.1597], [35.24834, 139.1597], [35.24838, 139.1597],
          [35.25059, 139.1593], [35.25061, 139.1598], [35.25063, 139.1601], [35.25066, 139.1607],
          [35.25067, 139.1609], [35.25069, 139.1612], [35.25071, 139.1615], [35.25071, 139.1616],
          [35.25072, 139.1617], [35.25075, 139.1623], [35.25076, 139.1624], [35.25077, 139.1625],
          [35.25079, 139.1628], [35.25081, 139.1629], [35.25086, 139.1631], [35.25091, 139.1632],
          [35.25097, 139.1633], [35.25127, 139.1636], [35.25143, 139.1638], [35.25154, 139.1639],
          [35.25208, 139.1645], [35.25234, 139.1648], [35.25253, 139.165], [35.25264, 139.1651],
          [35.25272, 139.1651], [35.25283, 139.1652], [35.25294, 139.1654], [35.25349, 139.1662],
          [35.25383, 139.1667], [35.2545, 139.1677], [35.25463, 139.1679], [35.25473, 139.1681],
          [35.25486, 139.1683], [35.25501, 139.1686], [35.25521, 139.169], [35.25525, 139.169],
          [35.2553, 139.1691], [35.25552, 139.1695], [35.25583, 139.1701], [35.25596, 139.1704],
          [35.25597, 139.1704], [35.25637, 139.1719], [35.25639, 139.172], [35.2564, 139.172],
          [35.25652, 139.1723], [35.25664, 139.1726], [35.25688, 139.1731], [35.25689, 139.1731],
          [35.25689, 139.1731], [35.25725, 139.1738], [35.25736, 139.1741], [35.25751, 139.1744],
          [35.25754, 139.1744], [35.25757, 139.1745], [35.2577, 139.1747], [35.25798, 139.1752],
          [35.25815, 139.1754], [35.25816, 139.1754], [35.25865, 139.1762], [35.25889, 139.1765],
          [35.25911, 139.1768], [35.25923, 139.177], [35.25966, 139.1775], [35.25982, 139.1776],
          [35.26031, 139.1782], [35.26044, 139.1783], [35.26087, 139.1788], [35.26114, 139.1791],
          [35.26163, 139.1796], [35.26201, 139.18], [35.2626, 139.1805], [35.26438, 139.1825],
          [35.26451, 139.1827], [35.26456, 139.1827], [35.26462, 139.1828], [35.26473, 139.183],
          [35.26476, 139.1831], [35.26487, 139.1834], [35.26498, 139.1837], [35.265, 139.1837],
          [35.26502, 139.1838], [35.2652, 139.1844], [35.26524, 139.1846], [35.2653, 139.1848],
          [35.26533, 139.1848], [35.23525, 139.1143], [35.23511, 139.1142], [35.23488, 139.1139],
          [35.25059, 139.1593], [35.2502, 139.1593], [35.24962, 139.1594], [35.24956, 139.1594],
          [35.2493, 139.1594], [35.24879, 139.1596], [35.24875, 139.1596], [35.24846, 139.1597],
          [35.24838, 139.1597], [35.27839, 139.2049], [35.2783, 139.2047], [35.27809, 139.2044],
          [35.27784, 139.2041], [35.27724, 139.2037], [35.27685, 139.2034], [35.27676, 139.2034],
          [35.27607, 139.203], [35.27571, 139.2028], [35.27511, 139.2023], [35.27492, 139.2022],
          [35.2747, 139.202], [35.2745, 139.2019], [35.27441, 139.2018], [35.27436, 139.2018],
          [35.27404, 139.2015], [35.27397, 139.2014], [35.27385, 139.2013], [35.27361, 139.201],
          [35.27346, 139.2008], [35.27332, 139.2007], [35.27323, 139.2006], [35.2731, 139.2004],
          [35.27309, 139.2004], [35.27285, 139.2001], [35.27284, 139.2001], [35.27271, 139.1999],
          [35.2726, 139.1997], [35.27259, 139.1997], [35.27233, 139.1994], [35.2721, 139.1991],
          [35.27205, 139.199], [35.27198, 139.1989], [35.27176, 139.1986], [35.27156, 139.1983],
          [35.27145, 139.1981], [35.27138, 139.198], [35.27119, 139.1978], [35.27098, 139.1975],
          [35.27092, 139.1974], [35.2709, 139.1974], [35.27071, 139.1971], [35.27056, 139.1969],
          [35.26995, 139.1959], [35.26926, 139.1948], [35.269, 139.1944], [35.26897, 139.1943],
          [35.26885, 139.1941], [35.26857, 139.1936], [35.26821, 139.1929], [35.26816, 139.1928],
          [35.26812, 139.1928], [35.26808, 139.1927], [35.2677, 139.1918], [35.26759, 139.1916],
          [35.26752, 139.1914], [35.26744, 139.1912], [35.26734, 139.191], [35.26728, 139.1908],
          [35.26715, 139.1905], [35.26714, 139.1904], [35.26697, 139.19], [35.26687, 139.1897],
          [35.26687, 139.1897], [35.2665, 139.1887], [35.26642, 139.1884], [35.26635, 139.1882],
          [35.26632, 139.1881], [35.26625, 139.1879], [35.26617, 139.1877], [35.26604, 139.1873],
          [35.26596, 139.187], [35.26593, 139.1869], [35.26585, 139.1866], [35.26572, 139.1862],
          [35.26572, 139.1862], [35.26556, 139.1856], [35.26547, 139.1853], [35.26537, 139.185],
          [35.26533, 139.1848], [35.27849, 139.2051], [35.27844, 139.205], [35.27839, 139.2049],
          [35.27859, 139.2053], [35.27849, 139.2051], [35.27935, 139.2076], [35.27933, 139.2075],
          [35.2792, 139.2071], [35.27911, 139.2069], [35.27882, 139.2059], [35.2786, 139.2053],
          [35.27859, 139.2053], [35.28015, 139.2126], [35.27988, 139.2109], [35.27985, 139.2108],
          [35.27979, 139.2104], [35.27969, 139.2098], [35.27964, 139.2094], [35.27956, 139.2089],
          [35.27951, 139.2086], [35.27946, 139.2082], [35.27941, 139.2079], [35.27935, 139.2076],
          [35.28028, 139.2135], [35.2802, 139.213], [35.28015, 139.2126], [35.28192, 139.2199],
          [35.28182, 139.2197], [35.28175, 139.2195], [35.28159, 139.219], [35.28156, 139.2189],
          [35.28155, 139.2189], [35.28128, 139.2183], [35.28118, 139.2181], [35.28116, 139.218],
          [35.2811, 139.2178], [35.28108, 139.2177], [35.28097, 139.2169], [35.28084, 139.2159],
          [35.28078, 139.2156], [35.28062, 139.2151], [35.28038, 139.2141], [35.28028, 139.2135]
        ];

// 旧東海道 (OSM ways name~旧東海道)
var oldTokaidoLatlngs = [
          [35.23498, 139.1139], [35.23501, 139.1138], [35.23508, 139.1138], [35.23529, 139.1139],
          [35.23551, 139.1141], [35.2357, 139.1142], [35.23577, 139.1143], [35.23582, 139.1144],
          [35.23587, 139.1144], [35.23594, 139.1145], [35.23601, 139.1147], [35.2362, 139.1148],
          [35.23645, 139.115], [35.23664, 139.1151], [35.23682, 139.1153], [35.23697, 139.1154],
          [35.23709, 139.1156], [35.23713, 139.1156], [35.23718, 139.1157], [35.23729, 139.1159],
          [35.23744, 139.1162], [35.23766, 139.1164], [35.23776, 139.1166], [35.23785, 139.1167],
          [35.23792, 139.1168], [35.23802, 139.117], [35.23812, 139.1173], [35.23817, 139.1174],
          [35.2382, 139.1176], [35.24024, 139.1201], [35.24015, 139.12], [35.23996, 139.1198],
          [35.23984, 139.1196], [35.23979, 139.1196], [35.23963, 139.1192], [35.23954, 139.119],
          [35.23951, 139.1189], [35.23946, 139.1189], [35.23926, 139.1187], [35.2392, 139.1186],
          [35.23917, 139.1186], [35.23913, 139.1186], [35.23906, 139.1187], [35.24232, 139.122],
          [35.24231, 139.122], [35.24224, 139.1219], [35.24215, 139.1218], [35.24196, 139.1216],
          [35.24173, 139.1213], [35.24171, 139.1213], [35.24153, 139.1211], [35.24137, 139.1209],
          [35.24121, 139.1208], [35.24106, 139.1206], [35.24084, 139.1204], [35.24062, 139.1202],
          [35.24057, 139.1202], [35.24047, 139.1202], [35.24041, 139.1202], [35.24033, 139.1202],
          [35.24024, 139.1201], [35.24235, 139.122], [35.24232, 139.122], [35.24615, 139.1277],
          [35.2461, 139.1276], [35.24606, 139.1275], [35.24602, 139.1275], [35.2459, 139.1273],
          [35.2458, 139.1273], [35.24567, 139.1272], [35.24557, 139.1271], [35.24547, 139.1271],
          [35.24543, 139.1271], [35.24538, 139.127], [35.24525, 139.1269], [35.24516, 139.1268],
          [35.24498, 139.1265], [35.24483, 139.1262], [35.24464, 139.1259], [35.24458, 139.1258],
          [35.2445, 139.1257], [35.24437, 139.1254], [35.24427, 139.1252], [35.24412, 139.125],
          [35.24396, 139.1248], [35.24389, 139.1247], [35.24372, 139.1244], [35.24356, 139.1241],
          [35.24353, 139.1241], [35.24351, 139.124], [35.2435, 139.1239], [35.24348, 139.1238],
          [35.24347, 139.1238], [35.24344, 139.1237], [35.24336, 139.1236], [35.24321, 139.1233],
          [35.2431, 139.123], [35.24305, 139.123], [35.24298, 139.1227], [35.24294, 139.1226],
          [35.24288, 139.1225], [35.24275, 139.1223], [35.24256, 139.1222], [35.24235, 139.122],
          [35.24618, 139.1277], [35.24618, 139.1277], [35.24615, 139.1277], [35.24662, 139.1289],
          [35.24662, 139.1288], [35.24662, 139.1287], [35.24658, 139.1285], [35.24654, 139.1284],
          [35.24641, 139.1281], [35.24629, 139.1279], [35.24618, 139.1277], [35.24714, 139.1325],
          [35.24718, 139.1323], [35.24723, 139.1322], [35.24731, 139.1321], [35.24734, 139.132],
          [35.24734, 139.1319], [35.24733, 139.1319], [35.24729, 139.1318], [35.24728, 139.1318],
          [35.24718, 139.1315], [35.2471, 139.1313], [35.24705, 139.1312], [35.24705, 139.1312],
          [35.24701, 139.1311], [35.24697, 139.131], [35.24687, 139.1307], [35.2468, 139.1305],
          [35.24676, 139.1303], [35.24672, 139.1301], [35.24673, 139.13], [35.24677, 139.1298],
          [35.24678, 139.1297], [35.24676, 139.1296], [35.24669, 139.1294], [35.24666, 139.1292],
          [35.24663, 139.1291], [35.24662, 139.1289], [35.24692, 139.1327], [35.24698, 139.1327],
          [35.24701, 139.1327], [35.24705, 139.1327], [35.24708, 139.1326], [35.24711, 139.1326],
          [35.24714, 139.1325], [35.24692, 139.1402], [35.24687, 139.1401], [35.24683, 139.1401],
          [35.24696, 139.1404], [35.24692, 139.1402], [35.24614, 139.1476], [35.24623, 139.1476],
          [35.2463, 139.1476], [35.2464, 139.1475], [35.24646, 139.1474], [35.24653, 139.1473],
          [35.24654, 139.1472], [35.24673, 139.1466], [35.24685, 139.1462], [35.24695, 139.1457],
          [35.24723, 139.1441], [35.24734, 139.1434], [35.24739, 139.1431], [35.24752, 139.1424],
          [35.24759, 139.142], [35.24759, 139.1419], [35.24759, 139.1418], [35.24756, 139.1418],
          [35.24733, 139.1413], [35.24726, 139.1411], [35.24718, 139.141], [35.24713, 139.141],
          [35.24708, 139.1409], [35.24704, 139.1408], [35.24698, 139.1405], [35.24696, 139.1404],
          [35.23498, 139.1139], [35.23488, 139.1139], [35.25196, 139.1659], [35.2515, 139.1653],
          [35.25115, 139.1649], [35.25097, 139.1647], [35.25085, 139.1645], [35.25079, 139.1644],
          [35.25072, 139.1643], [35.25031, 139.1638], [35.24983, 139.1632], [35.24956, 139.1628],
          [35.24943, 139.1626], [35.24933, 139.1625], [35.24922, 139.1622], [35.24905, 139.1618],
          [35.24884, 139.1612], [35.24879, 139.161], [35.24865, 139.1606], [35.24854, 139.1603],
          [35.24845, 139.16], [35.24838, 139.1598], [35.24838, 139.1598], [35.24837, 139.1598],
          [35.24838, 139.1597], [35.25196, 139.1659], [35.25211, 139.1657], [35.25264, 139.1651],
          [35.25923, 139.177], [35.25943, 139.1776], [35.25955, 139.1779], [35.25966, 139.1783],
          [35.25974, 139.1784], [35.26067, 139.1781], [35.26084, 139.1782], [35.26098, 139.1783],
          [35.26105, 139.1783], [35.26132, 139.1782], [35.2614, 139.1782], [35.26146, 139.1783],
          [35.26154, 139.1784], [35.26178, 139.1786], [35.26201, 139.1789], [35.26236, 139.1793],
          [35.2624, 139.1793], [35.26044, 139.1783], [35.26067, 139.1781], [35.25974, 139.1784],
          [35.25978, 139.1783], [35.26031, 139.1782]
        ];
